# =========================
	【debug】start
# =========================
	CMatrix4x4 (
		0.950548 -0.227371 0.211568 0.000000 
		0.256319 0.958991 -0.120984 0.000000 
		-0.175384 0.169230 0.969846 0.000000 
		0.000000 0.000000 0.000000 1.000000 
	)
# =========================
	load obj success
# =========================
	【warning】【asset】【shader】no shader calls ""
# =========================
	【warning】【asset】【material】no material calls ""
